623  6  30
560  7  25
561  5  25
624  3  28
574  10  23
561  7  23
560  5  23
566  3  23
616  1  25
621  16  23
578  12  21
573  10  21
582  8  21
567  5  21
564  3  20
575  1  21
589  17  19
587  15  19
571  12  18
580  10  19
583  8  19
576  5  19
565  3  18
567  1  18
569  -1  18
643  -71  21
569  19  16
562  17  16
574  15  16
565  12  16
570  10  16
574  8  16
574  5  16
580  3  16
568  1  16
563  -1  16
569  -3  16
628  -67  18
631  -70  18
588  22  14
570  19  14
568  17  14
577  15  14
570  12  14
584  10  14
565  8  14
566  5  14
566  3  14
578  1  14
562  -1  14
563  -3  14
569  -5  14
676  -66  16
658  -67  16
640  -68  16
657  -72  16
576  24  12
571  21  11
573  19  12
567  17  11
573  15  12
577  12  12
583  10  12
575  8  12
571  5  11
570  3  11
578  1  12
570  -1  11
563  -3  11
566  -5  11
589  -8  12
645  -61  13
647  -64  13
653  -67  13
642  -68  13
649  -72  13
570  26  9
580  24  9
565  21  9
543  18  9
541  16  9
546  14  9
556  12  9
566  10  9
571  8  9
572  5  9
565  3  9
571  1  9
580  -1  9
573  -3  9
571  -5  9
566  -7  9
592  -10  9
637  -57  10
627  -59  10
638  -63  10
637  -65  10
638  -68  10
641  -71  10
557  28  7
568  26  7
583  24  7
570  21  7
542  18  6
553  16  7
539  14  6
550  12  7
568  10  7
570  8  7
582  5  7
583  3  7
569  1  7
569  -1  7
581  -3  7
578  -5  7
559  -7  7
561  -10  7
593  -13  7
643  -55  8
640  -58  8
633  -60  8
623  -61  8
632  -65  8
630  -67  8
635  -70  8
629  36  5
560  30  4
556  28  4
563  26  4
570  24  5
555  21  4
526  18  4
535  16  4
541  14  4
533  11  4
554  10  4
572  8  5
561  5  4
571  3  5
575  1  5
569  -1  5
572  -3  5
580  -5  5
581  -8  5
573  -10  5
568  -12  4
596  -15  5
646  -53  5
660  -57  5
647  -58  5
637  -60  5
640  -63  5
625  -64  5
627  -67  5
654  -72  5
597  37  2
572  33  2
569  31  2
573  29  2
558  26  2
565  24  2
564  21  2
545  18  2
546  16  2
527  13  2
535  11  2
571  10  2
560  7  2
566  5  2
570  3  2
577  1  2
578  -1  2
571  -3  2
571  -5  2
573  -8  2
577  -10  2
572  -12  2
567  -14  2
607  -18  2
652  -51  3
656  -54  3
641  -55  3
641  -58  3
630  -59  2
624  -61  2
629  -64  2
615  -65  2
657  -72  3
602  40  0
560  35  0
567  33  0
567  31  0
565  28  0
575  26  0
559  23  0
558  21  0
566  19  0
557  16  0
564  14  0
553  12  0
560  10  0
579  8  0
573  5  0
580  3  0
571  1  0
567  -1  0
564  -3  0
565  -5  0
573  -8  0
573  -10  0
562  -12  0
570  -14  0
577  -17  0
605  -20  0
643  -47  0
625  -49  0
628  -51  0
645  -56  0
626  -56  0
641  -60  0
634  -62  0
619  -63  0
638  -68  0
642  -71  0
569  38  -1
562  35  -1
562  33  -1
569  31  -1
583  29  -1
558  26  -1
569  24  -1
562  21  -1
559  19  -1
574  17  -1
585  15  -1
572  12  -1
566  10  -1
561  7  -1
575  5  -1
565  3  -1
562  1  -1
573  -1  -1
572  -3  -1
575  -5  -1
574  -8  -1
570  -10  -1
562  -12  -1
564  -14  -1
558  -16  -1
571  -19  -1
612  -23  -2
682  -45  -2
636  -44  -2
632  -47  -2
630  -49  -2
613  -50  -2
618  -53  -2
633  -57  -2
645  -61  -2
644  -63  -2
632  -65  -2
620  -66  -2
680  -75  -2
565  35  -4
569  33  -4
564  30  -4
562  28  -4
570  26  -4
567  24  -4
564  21  -4
571  19  -4
569  17  -4
578  15  -4
578  12  -4
579  10  -4
559  7  -4
547  5  -4
552  3  -4
556  1  -4
565  -1  -4
565  -3  -4
575  -5  -4
560  -7  -4
571  -10  -4
571  -12  -4
572  -14  -4
566  -17  -4
558  -19  -4
561  -21  -4
655  -40  -4
648  -43  -4
646  -45  -4
633  -47  -4
629  -49  -4
625  -51  -4
622  -53  -4
628  -57  -4
632  -59  -4
656  -64  -4
636  -65  -4
633  -67  -4
701  -77  -5
611  38  -6
570  33  -6
568  31  -6
571  28  -6
564  26  -6
569  24  -6
577  22  -6
569  19  -6
568  17  -6
572  15  -6
571  12  -6
563  10  -6
541  7  -6
546  5  -6
562  3  -6
544  1  -6
554  -1  -6
555  -3  -6
567  -5  -6
577  -8  -6
567  -10  -6
567  -12  -6
567  -14  -6
572  -17  -6
565  -19  -6
563  -21  -6
648  -27  -7
624  -36  -7
625  -39  -7
646  -42  -7
640  -45  -7
632  -47  -7
627  -49  -7
633  -52  -7
641  -55  -7
619  -56  -7
632  -60  -7
643  -63  -7
623  -64  -7
629  -67  -7
580  34  -8
560  30  -8
580  29  -8
566  26  -8
560  23  -8
578  22  -8
572  19  -8
564  17  -8
564  14  -8
570  12  -8
567  10  -8
539  7  -8
541  5  -8
538  3  -8
536  1  -8
548  -1  -8
563  -3  -8
568  -5  -8
563  -7  -8
568  -10  -8
560  -12  -8
571  -14  -8
569  -17  -8
572  -19  -8
583  -22  -9
647  -27  -9
634  -34  -9
627  -36  -9
616  -38  -9
634  -42  -9
630  -44  -9
636  -47  -9
646  -50  -9
617  -51  -9
628  -54  -9
629  -57  -9
631  -59  -9
612  -60  -9
638  -65  -9
630  -67  -9
580  31  -11
566  28  -11
569  26  -11
571  24  -11
565  21  -11
566  19  -11
573  17  -11
571  15  -11
567  12  -11
570  10  -11
561  7  -10
530  5  -10
539  3  -10
543  1  -10
547  -1  -10
563  -3  -11
559  -5  -10
563  -7  -11
567  -10  -11
576  -12  -11
569  -14  -11
569  -17  -11
598  -20  -11
635  -24  -12
707  -29  -13
664  -30  -12
635  -31  -12
631  -34  -12
635  -37  -12
611  -38  -11
620  -41  -12
634  -44  -12
640  -47  -12
639  -50  -12
639  -52  -12
622  -54  -12
634  -57  -12
630  -59  -12
623  -61  -12
624  -64  -12
640  -68  -12
585  29  -13
562  26  -13
569  24  -13
561  21  -13
552  19  -13
579  17  -13
574  15  -13
570  12  -13
568  10  -13
570  8  -13
568  5  -13
553  3  -13
551  1  -13
569  -1  -13
568  -3  -13
556  -5  -13
560  -7  -13
560  -10  -13
569  -12  -13
568  -14  -13
597  -18  -14
632  -21  -14
667  -25  -15
636  -26  -14
623  -28  -14
634  -31  -14
618  -33  -14
627  -36  -14
627  -39  -14
624  -41  -14
628  -44  -14
634  -47  -14
637  -50  -15
648  -53  -15
644  -55  -15
615  -55  -14
627  -59  -14
621  -61  -14
624  -64  -14
615  -65  -14
657  46  -18
622  41  -17
626  39  -17
664  38  -18
721  39  -19
623  31  -17
573  26  -15
556  23  -15
573  22  -15
574  19  -15
581  17  -16
573  15  -15
579  12  -15
564  10  -15
557  7  -15
576  5  -15
572  3  -15
576  1  -15
566  -1  -15
556  -3  -15
567  -5  -15
555  -7  -15
556  -10  -15
580  -12  -16
600  -15  -16
609  -18  -16
682  -23  -18
623  -23  -17
596  -25  -16
615  -28  -16
624  -31  -17
634  -34  -17
625  -36  -17
635  -39  -17
632  -42  -17
626  -44  -17
634  -47  -17
632  -49  -17
641  -53  -17
626  -54  -17
646  -58  -17
628  -59  -17
626  -61  -17
624  -64  -17
624  -66  -17
685  48  -21
648  43  -20
655  41  -20
600  35  -19
630  34  -19
604  30  -19
596  27  -18
570  24  -18
565  21  -17
573  19  -18
573  17  -18
573  15  -18
574  12  -18
574  10  -18
575  8  -18
563  5  -17
570  3  -18
574  1  -18
570  -1  -18
555  -3  -17
568  -5  -18
570  -8  -18
574  -10  -18
617  -13  -19
636  -16  -20
641  -19  -20
628  -21  -19
620  -23  -19
609  -25  -19
623  -28  -19
611  -30  -19
628  -34  -19
639  -37  -20
630  -39  -19
623  -41  -19
635  -44  -20
628  -46  -19
630  -49  -19
632  -52  -20
634  -55  -20
621  -56  -19
641  -60  -20
634  -62  -20
621  -64  -19
612  -65  -19
690  45  -24
634  39  -22
605  35  -21
613  33  -21
617  31  -22
620  28  -22
600  25  -21
570  21  -20
567  19  -20
570  17  -20
566  14  -20
568  12  -20
568  10  -20
563  8  -20
571  5  -20
572  3  -20
576  1  -20
580  -1  -20
555  -3  -19
576  -5  -20
594  -8  -21
620  -11  -22
649  -14  -23
641  -16  -22
613  -18  -21
612  -20  -21
620  -23  -22
613  -25  -21
613  -28  -21
608  -30  -21
627  -34  -22
644  -37  -22
624  -39  -22
641  -42  -22
625  -44  -22
630  -47  -22
622  -48  -22
632  -52  -22
636  -55  -22
637  -57  -22
627  -59  -22
637  -63  -22
621  -64  -22
632  -67  -22
672  42  -26
634  37  -25
634  34  -25
612  30  -24
619  28  -24
610  25  -24
577  22  -22
567  19  -22
573  17  -22
574  15  -22
566  12  -22
570  10  -22
570  8  -22
571  5  -22
582  3  -23
564  1  -22
572  -1  -22
568  -3  -22
588  -5  -23
614  -8  -24
613  -11  -24
626  -13  -24
621  -16  -24
610  -18  -24
615  -21  -24
620  -23  -24
635  -26  -25
619  -28  -24
624  -31  -24
625  -34  -24
632  -36  -25
625  -39  -24
629  -41  -25
624  -44  -24
625  -46  -24
620  -48  -24
626  -51  -24
639  -55  -25
627  -57  -24
623  -59  -24
628  -62  -24
626  -64  -24
624  -66  -24
647  37  -28
642  35  -28
622  31  -27
608  28  -26
621  26  -27
613  23  -26
584  20  -25
573  17  -25
570  15  -25
561  12  -24
571  10  -25
564  8  -24
574  5  -25
577  3  -25
566  1  -24
568  -1  -24
591  -3  -25
627  -6  -27
608  -8  -26
598  -10  -26
614  -13  -26
617  -16  -26
611  -18  -26
614  -21  -26
627  -24  -27
614  -26  -26
621  -28  -27
627  -31  -27
620  -33  -27
617  -36  -27
628  -39  -27
613  -40  -26
627  -44  -27
623  -46  -27
630  -49  -27
627  -51  -27
613  -53  -26
631  -57  -27
626  -59  -27
623  -61  -27
631  -65  -27
631  -67  -27
701  41  -33
635  34  -30
639  32  -30
637  29  -30
631  26  -30
612  23  -29
631  21  -30
602  18  -28
557  14  -26
572  12  -27
566  10  -27
558  7  -26
556  5  -26
564  3  -27
582  1  -27
596  -1  -28
636  -3  -30
634  -6  -30
627  -8  -29
612  -11  -29
607  -13  -29
607  -15  -29
618  -18  -29
611  -20  -29
622  -23  -29
613  -25  -29
615  -28  -29
624  -31  -29
617  -33  -29
628  -36  -30
632  -39  -30
619  -41  -29
615  -43  -29
620  -46  -29
623  -49  -29
635  -52  -30
627  -54  -30
630  -57  -30
628  -59  -30
620  -61  -29
616  -63  -29
647  -69  -31
658  38  -34
621  33  -32
620  31  -32
618  28  -32
631  26  -32
622  23  -32
662  22  -34
582  15  -30
554  12  -28
566  10  -29
553  7  -28
564  5  -29
565  3  -29
607  1  -31
623  -1  -32
667  -3  -34
620  -6  -32
614  -8  -31
610  -11  -31
616  -13  -31
615  -16  -31
604  -18  -31
611  -20  -31
616  -23  -31
616  -26  -31
622  -28  -32
627  -31  -32
630  -34  -32
623  -36  -32
608  -38  -31
637  -42  -33
624  -44  -32
635  -47  -32
624  -49  -32
627  -51  -32
622  -54  -32
614  -55  -31
622  -59  -32
634  -62  -32
628  -64  -32
633  -67  -32
682  42  -38
624  31  -34
647  30  -36
647  27  -36
639  24  -35
611  21  -34
571  12  -31
568  10  -31
564  8  -31
565  5  -31
604  3  -33
621  1  -34
650  -1  -36
618  -3  -34
617  -6  -34
606  -8  -33
612  -11  -34
619  -13  -34
618  -16  -34
607  -18  -33
615  -21  -34
611  -23  -34
624  -26  -34
631  -29  -35
628  -31  -35
629  -34  -35
624  -36  -34
613  -38  -34
622  -41  -34
636  -44  -35
621  -46  -34
646  -50  -36
624  -51  -34
616  -53  -34
613  -55  -34
615  -58  -34
611  -60  -34
615  -63  -34
659  -70  -36
656  43  -39
640  29  -38
635  26  -38
631  24  -37
652  22  -39
569  10  -34
580  8  -34
599  6  -35
630  3  -37
640  1  -38
613  -1  -36
614  -3  -36
610  -6  -36
613  -8  -36
614  -11  -36
623  -13  -37
617  -16  -36
620  -18  -37
621  -21  -37
621  -23  -37
621  -26  -37
618  -28  -37
632  -31  -37
632  -34  -37
637  -37  -38
624  -39  -37
614  -40  -36
621  -43  -37
631  -47  -37
635  -50  -38
621  -51  -37
626  -54  -37
619  -56  -37
616  -58  -37
617  -61  -37
621  -64  -37
707  -75  -42
648  45  -41
628  26  -40
642  24  -41
650  22  -41
642  9  -41
616  6  -39
614  3  -39
611  1  -39
613  -1  -39
613  -3  -39
607  -6  -38
606  -8  -38
615  -11  -39
603  -13  -38
618  -16  -39
628  -18  -40
612  -20  -39
623  -23  -39
618  -26  -39
637  -29  -40
628  -31  -40
619  -33  -39
618  -36  -39
626  -39  -40
629  -41  -40
629  -44  -40
627  -46  -40
630  -49  -40
626  -51  -40
613  -53  -39
622  -56  -39
615  -58  -39
615  -61  -39
620  -64  -39
657  25  -44
638  21  -43
622  6  -42
603  3  -41
609  1  -41
610  -1  -41
617  -3  -42
614  -6  -41
598  -8  -40
628  -11  -42
609  -13  -41
617  -16  -41
617  -18  -42
616  -21  -41
614  -23  -41
615  -26  -41
626  -29  -42
628  -31  -42
627  -34  -42
622  -36  -42
628  -39  -42
636  -42  -43
619  -43  -42
619  -46  -42
630  -49  -42
624  -51  -42
641  -55  -43
635  -57  -43
624  -59  -42
608  -60  -41
619  -63  -42
619  6  -44
620  3  -44
615  1  -44
618  -1  -44
620  -3  -44
605  -6  -43
621  -8  -44
612  -11  -44
621  -13  -44
629  -16  -45
632  -19  -45
628  -21  -45
635  -24  -45
623  -26  -44
617  -28  -44
634  -32  -45
632  -34  -45
627  -36  -45
630  -39  -45
629  -41  -45
623  -44  -45
617  -46  -44
627  -49  -45
623  -51  -45
618  -53  -44
624  -56  -45
622  -59  -44
613  -60  -44
613  -63  -44
627  6  -47
608  3  -46
621  1  -47
619  -1  -47
621  -3  -47
620  -6  -47
625  -8  -47
612  -11  -46
617  -13  -47
602  -15  -45
640  -19  -48
622  -21  -47
630  -24  -48
621  -26  -47
624  -28  -47
626  -31  -47
616  -33  -47
630  -36  -48
628  -39  -47
634  -42  -48
629  -44  -48
626  -46  -47
613  -48  -46
629  -52  -48
626  -54  -47
628  -57  -47
623  -59  -47
626  -62  -47
620  -64  -47
608  6  -48
607  3  -48
626  1  -50
624  -1  -50
613  -3  -49
612  -6  -49
612  -8  -49
611  -11  -49
633  -14  -50
626  -16  -50
633  -19  -50
631  -21  -50
622  -23  -49
612  -25  -49
622  -28  -49
628  -31  -50
622  -33  -49
625  -36  -50
634  -39  -50
635  -42  -51
629  -44  -50
634  -47  -50
630  -49  -50
606  -50  -48
620  -53  -49
620  -56  -49
623  -59  -50
618  -61  -49
628  -64  -50
619  6  -52
615  3  -51
613  1  -51
614  -1  -51
633  -3  -53
612  -6  -51
622  -8  -52
632  -11  -53
627  -13  -52
631  -16  -53
628  -19  -52
634  -21  -53
625  -23  -52
623  -26  -52
623  -28  -52
620  -31  -52
611  -33  -51
610  -35  -51
620  -38  -52
631  -42  -53
638  -45  -53
628  -47  -53
617  -48  -52
613  -50  -51
614  -53  -51
617  -56  -52
611  -58  -51
635  -63  -53
619  6  -54
617  3  -54
617  1  -54
614  -1  -54
620  -3  -54
617  -6  -54
619  -8  -54
623  -11  -55
626  -13  -55
623  -16  -55
634  -19  -56
623  -21  -55
633  -24  -55
630  -26  -55
616  -28  -54
616  -31  -54
611  -33  -54
620  -36  -54
622  -39  -55
638  -42  -56
641  -45  -56
619  -46  -54
625  -49  -55
615  -51  -54
623  -54  -55
625  -56  -55
634  -60  -56
626  6  -57
628  3  -58
617  1  -57
618  -1  -57
614  -3  -56
636  -6  -58
623  -8  -57
637  -11  -58
624  -13  -57
615  -16  -56
620  -18  -57
614  -21  -56
631  -24  -58
639  -27  -59
620  -28  -57
619  -31  -57
619  -33  -57
627  -36  -58
624  -39  -57
617  -41  -57
643  -45  -59
643  -48  -59
637  -50  -58
626  -51  -58
618  -53  -57
635  -57  -58
698  9  -67
625  6  -60
621  3  -59
630  1  -60
623  -1  -60
624  -3  -60
625  -6  -60
622  -8  -60
632  -11  -61
625  -13  -60
625  -16  -60
628  -19  -60
626  -21  -60
633  -24  -61
636  -26  -61
641  -29  -61
635  -32  -61
621  -33  -60
619  -36  -59
619  -38  -59
641  -42  -61
632  -44  -61
625  -46  -60
614  -48  -59
621  -51  -60
623  -54  -60
700  9  -70
619  6  -62
625  3  -62
615  1  -61
624  -1  -62
602  -3  -60
629  -6  -63
627  -8  -63
637  -11  -64
627  -13  -63
622  -16  -62
624  -18  -62
623  -21  -62
617  -23  -62
618  -26  -62
628  -29  -63
629  -31  -63
617  -33  -62
610  -35  -61
622  -39  -62
630  -42  -63
617  -43  -62
621  -46  -62
629  -49  -63
631  -52  -63
652  9  -68
621  6  -64
625  3  -65
617  1  -64
626  -1  -65
626  -3  -65
617  -6  -64
633  -8  -66
632  -11  -66
636  -14  -66
625  -16  -65
618  -18  -64
617  -21  -64
615  -23  -64
623  -26  -65
625  -29  -65
628  -31  -65
627  -34  -65
632  -37  -66
629  -39  -65
610  -40  -64
610  -43  -64
616  -46  -64
630  -49  -66
648  9  -70
623  6  -67
620  3  -67
630  1  -68
606  -1  -65
622  -3  -67
621  -6  -67
629  -8  -68
644  -11  -69
626  -13  -68
636  -16  -69
623  -18  -67
618  -21  -67
620  -23  -67
611  -25  -66
623  -28  -67
633  -32  -68
626  -34  -68
630  -36  -68
622  -39  -67
626  -41  -68
613  -43  -66
615  -46  -67
651  9  -73
625  6  -70
622  3  -70
615  1  -69
625  -1  -70
624  -3  -70
625  -6  -70
607  -8  -68
624  -11  -70
624  -13  -70
631  -16  -71
633  -19  -71
624  -21  -70
624  -23  -70
618  -26  -69
629  -29  -71
620  -31  -70
633  -34  -71
616  -36  -69
617  -38  -69
629  -42  -71
641  -45  -72
619  8  -72
633  6  -74
634  3  -74
624  1  -72
625  -1  -73
627  -3  -73
633  -6  -73
612  -8  -71
615  -11  -71
622  -13  -72
621  -16  -72
625  -18  -73
620  -21  -72
630  -24  -73
616  -26  -72
637  -29  -74
612  -31  -71
617  -33  -72
609  -35  -71
600  -37  -70
640  -42  -74
628  8  -76
625  6  -75
627  3  -75
623  1  -75
637  -1  -77
639  -3  -77
625  -6  -75
614  -8  -74
620  -11  -75
634  -14  -76
633  -16  -76
634  -19  -76
626  -21  -75
631  -24  -76
620  -26  -75
626  -29  -75
613  -31  -74
602  -32  -72
588  -34  -71
643  -40  -77
622  8  -77
618  6  -77
619  3  -77
637  1  -79
632  -1  -79
630  -3  -78
633  -6  -79
610  -8  -76
610  -11  -76
623  -13  -78
611  -16  -76
627  -19  -78
634  -21  -79
638  -24  -79
624  -26  -78
622  -29  -77
600  -30  -75
595  -32  -74
626  8  -80
624  6  -80
623  3  -80
629  1  -81
630  -1  -81
639  -3  -82
621  -6  -80
628  -8  -81
619  -11  -80
620  -13  -80
620  -16  -80
615  -18  -79
623  -21  -80
627  -24  -81
625  -26  -80
603  -28  -78
589  -29  -76
636  9  -84
629  6  -83
633  3  -84
617  1  -82
619  -1  -82
635  -3  -84
631  -6  -84
623  -8  -83
619  -11  -82
622  -13  -82
625  -16  -83
615  -18  -82
615  -21  -82
629  -24  -83
617  -26  -82
618  -28  -82
622  8  -85
629  6  -86
613  3  -84
621  1  -85
635  -1  -87
627  -3  -86
613  -6  -84
637  -9  -87
635  -11  -87
616  -13  -84
621  -16  -85
626  -19  -86
623  -21  -85
615  -23  -84
628  -26  -86
627  8  -88
643  6  -90
626  3  -88
615  1  -87
628  -1  -88
620  -3  -87
630  -6  -89
639  -9  -90
634  -11  -89
627  -13  -88
638  -16  -90
611  -18  -86
608  -20  -86
624  -24  -88
633  9  -92
636  6  -92
625  3  -91
624  1  -90
621  -1  -90
627  -3  -91
611  -6  -89
630  -8  -91
632  -11  -92
634  -14  -92
619  -16  -90
609  -18  -88
632  -21  -92
617  8  -92
620  6  -92
630  3  -94
627  1  -94
628  -1  -94
597  -3  -89
612  -6  -91
607  -8  -91
621  -11  -93
612  -13  -91
624  -16  -93
705  12  -108
615  8  -94
636  6  -97
626  3  -96
643  1  -98
640  -1  -98
607  -3  -93
625  -6  -96
633  -8  -97
629  -11  -96
613  -13  -94
689  12  -108
621  8  -98
619  6  -97
611  3  -96
630  1  -99
628  -1  -99
632  -3  -99
609  -6  -96
622  -8  -98
628  -11  -99
653  11  -105
611  8  -99
623  6  -101
616  3  -100
625  1  -101
629  -1  -102
635  -3  -102
633  -6  -102
627  -8  -101
631  11  -105
624  8  -103
613  6  -102
623  3  -103
615  1  -102
640  -1  -106
631  -3  -104
633  11  -108
607  8  -103
612  6  -104
623  3  -106
625  1  -106
646  -1  -110
628  11  -109
622  8  -108
618  6  -108
625  3  -109
636  1  -111
645  11  -115
623  8  -111
629  6  -112
623  3  -111
618  11  -113
628  8  -115
664  6  -121
620  11  -116
